2,14
12,73
7,81
17,11
15,11
0,16
15,65
9,93
0,56
19,38
19,17
9,45
8,37
1,36
6,79
14,19
6,72
4,32
9,77
4,96
13,24
5,94
8,16
10,78
7,34
0,82
10,77
15,99
17,25
2,60
7,38
1,80
2,76
5,46
2,81
11,90
8,56
18,75
5,78
15,23
6,73
16,79
18,73
4,25
19,76
9,34
3,17
16,41
19,15
16,27
10,77
1,99
6,55
8,80
12,21
4,89
11,28
9,56
11,8
9,33
4,18
3,37
14,62
8,93
2,93
12,63
1,24
2,9
11,40
6,18
1,93
15,45
0,50
18,0
1,27
16,34
8,75
5,31
17,30
13,34
1,90
13,29
9,3
11,20
18,41
14,33
1,43
10,58
4,63
16,68
4,71
6,48
18,31
7,72
1,49
13,32
12,7
0,41
15,3
12,86
0,30
3,53
11,45
12,2
9,68
17,41
13,92
4,10
16,68
13,26
11,99
9,63
11,31
17,12
11,22
8,41
19,10
0,70
16,99
4,77
9,18
1,64
0,23
3,43
14,26
11,91
12,41
9,80
17,23
14,68
14,7
13,20
0,37
4,74
17,34
5,22
6,84
1,67
13,33
17,19
0,3
17,41
17,7
10,26
1,23
13,21
6,34
15,29
5,85
0,97
17,70
0,98
1,36
6,38
3,25
6,46
6,1
13,42
8,32
0,59
12,5
3,49
14,49
6,64
15,73
13,56
18,22
12,93
11,18
10,82
19,30
16,63
9,12
9,84
6,54
3,21
10,61
12,64
13,58
14,30
16,20
13,52
13,3
8,0
